0
[0.3907858732538446, 0.39058940779632556, 0.3855897334682447, 0.3796037438765938, 0.39070223886686384]
1
[0.3940141556469506, 0.405909747393029, 0.4108095185585088, 0.44161044766336516, 0.42154869588957206]
2
[0.39299077652581865, 0.41564420581542466, 0.40425499534196774, 0.4142448981688583, 0.4198564516554892]
3
[0.40400003655024014, 0.4044844962090826, 0.41306284360125894, 0.42732967342509964, 0.4053665412617533]
4
[0.39211194424086243, 0.4081476570668976, 0.42071209648694136, 0.41832445754723885, 0.4351551640331322]
5
[0.3699276887252083, 0.3943829374904098, 0.39577526381593237, 0.42486077121859595, 0.40993136426165855]
6
[0.37159167822070027, 0.42856846701776724, 0.3996521306878211, 0.4119518297755365, 0.40817422277225446]
7
[0.3952186774976004, 0.39955764029742674, 0.3842386677423582, 0.4033089270803709, 0.42136889356824375]
8
[0.4224421454857608, 0.4257780266085744, 0.4304398060135632, 0.41855215484423947, 0.4059419681589403]
9
[0.433661572181337, 0.4157662829250162, 0.4169385344791109, 0.4337668008222697, 0.4265291862918729]
10
[0.4410862175346913, 0.41842150140023987, 0.4240761479064083, 0.4140815240059282, 0.3904507127605823]
11
[0.41978463163362073, 0.4135244289190305, 0.40272952887689456, 0.41213714699197174, 0.3977418519117977]
