0
[0.5477940333273607, 0.546443755599355, 0.5472412470883354, 0.5478112703816519, 0.5461069163232395, 0.5447590843934779, 0.5483593083676761, 0.5480844561906468]
1
[0.5653075792868661, 0.5635229707937645, 0.5567192707400108, 0.5563947948396345, 0.5410268500268769, 0.534869736606343, 0.5461949516215732, 0.5369119333452786]
2
[0.5636368571940512, 0.5479610643253897, 0.5588862659021681, 0.5502586095681777, 0.5394937645583229, 0.5312950008958968, 0.5289809173983157, 0.5479937197634832]
3
[0.5696582601684287, 0.5497787493280775, 0.5530600250851101, 0.5532720121841964, 0.542686400286687, 0.5344314907722629, 0.5343022755778535, 0.5334796989786776]
4
[0.5392522487009496, 0.5417136355491847, 0.549859541300842, 0.5507630352983336, 0.5469101325927254, 0.5337581078659739, 0.5449178014692707, 0.5403852893746641]
5
[0.5357612076688765, 0.5766577584662247, 0.5584032073105178, 0.5680790718509228, 0.5623816341157498, 0.5548104909514424, 0.5602712327539867, 0.5591834259093352]
6
[0.5434438810249059, 0.5633473660634295, 0.5808132951084035, 0.5837969629098728, 0.5742014065579646, 0.567011144956101, 0.5717881472854327, 0.5622183121304426]
7
[0, 0, 0, 0.5973617989607598, 0.5875233201935137, 0.5930537627665292, 0.5913843845189034, 0.5898113689302993]
8
[0.5352122379501881, 0.5717852266618886, 0.5851348683031715, 0.5866948127575704, 0.5777048109657766, 0.5788977871349221, 0.5816531535567102, 0.5795239383623005]
9
[0.5361742071313385, 0.5593339992832826, 0.5697810428238668, 0.5779843307650958, 0.5867468643612256, 0.59909338828167, 0.6018698261960223, 0.6032284088872961]
10
[0.5447347966314281, 0.5536241265006271, 0.5736492743235979, 0.585401711162874, 0.5843447679627307, 0.5918785432718151, 0.6089450456907364, 0.6123991041032073]
11
[0.5432835961297259, 0.5417488532521053, 0.5903520963984948, 0.5854004031535568, 0.5864064504569074, 0.6056222271994266, 0.6120293854148002, 0.6249898584483068]
