1
[0.5285901003404407, 0.5222324225049274, 0.5293384698082781, 0.5461750223974199, 0.5397569252822075, 0.5394936032969002, 0.5305986561548109, 0.5344685629815445]
2
[0.5285834796631429, 0.5253715463178642, 0.5328645224870096, 0.5472414531445977, 0.5347458699157858, 0.540020211431643, 0.5261891686077764, 0.5431732037269306]
3
[0.5282428507435943, 0.5236173535208744, 0.5355480827808636, 0.5587704264468734, 0.5294625873499373, 0.5446010034044079, 0.5491866600967568, 0.5425103834438273]
4
[0.5162856208564773, 0.5326902884787672, 0.5367934689123812, 0.5438849758107867, 0.5333255509765275, 0.5409828883712596, 0.5467979663142806, 0.5381975810786597]
5
[0.5294861763124887, 0.5410465597563161, 0.5304598727826555, 0.5590040942483426, 0.5474756495251747, 0.5491931374305681, 0.5352119691811503, 0.538593504748253]
6
[0.5324070775846623, 0.5469064952517471, 0.5377334527862391, 0.5576522487009496, 0.5472548557606164, 0.5494386489876366, 0.5353846891238129, 0.5334084841426268]
7
[0.5340926267693963, 0.5500160186346533, 0.5292703906110016, 0.559778794122917, 0.5425119064683748, 0.5483042375918294, 0.5428899122021144, 0.5342611807919727]
8
[0.5433897151048199, 0.5581122200322522, 0.5350300931732666, 0.5494343934778713, 0.543925255330586, 0.5529877799677477, 0.5640802185988173, 0.5338477781759542]
9
[0.5408276742519262, 0.5519950098548647, 0.5473395807203011, 0.5611469539509049, 0.5504154810965777, 0.5609592098190288, 0.556094606701308, 0.5455704085289375]
10
[0.5294727289016306, 0.5471426984411396, 0.5428704443648091, 0.5672813384698083, 0.5521972137609747, 0.5512060920981903, 0.5563605088693783, 0.5478678552230782]
11
[0.5418901899301201, 0.550527943020964, 0.5474732126858987, 0.5598602221824046, 0.5456475721196918, 0.5537218688407096, 0.551475721196918, 0.5473697545242788]
12
[0.5438820731051782, 0.53769044974019, 0.5465993997491488, 0.5670327987815804, 0.5498198082780864, 0.5798927342770114, 0.5538156781938721, 0.5690820551872424]
13
[0.5467613151764916, 0.5269032073105179, 0.5351267514782297, 0.5525810159469629, 0.5108206325031356, 0.5595819208027235, 0.5169438183121304, 0.5636223257480739]
14
[0.5608784536821357, 0.5284290180971152, 0.5258328166995162, 0.5459432180612793, 0.551669252822075, 0.561835163949113, 0.5225296721017739, 0.5908573373947321]
15
[0.5757720301021322, 0.5176064504569073, 0.5266741354595951, 0.5257852535387922, 0.5476648898046944, 0.5669945619064682, 0.5351019530550081, 0.5849929134563698]
16
[0.5724028131159291, 0.5165302992295288, 0.5504417487905393, 0.512677566744311, 0.5470789374664039, 0.5642745475721197, 0.5350835065400465, 0.575166296362659]
17
[0.5742846264110375, 0.5018876097473571, 0.5348741802544347, 0.5073227557785344, 0.5371014961476438, 0.5446481365346713, 0.5270876007883891, 0.552179286866153]
18
[0.5998198172370542, 0.5057009675685362, 0.5039262945708654, 0.4889060383443827, 0.5314781042823867, 0.575921187959147, 0.5406258376635011, 0.5454520963984949]
19
[0.5907576778355134, 0.504823167891059, 0.5187155975631607, 0.5129847607955563, 0.516816914531446, 0.5773954488442932, 0.5247897151048199, 0.5316754703458162]
20
[0.6040391686077764, 0.48828353341695035, 0.5123042107149256, 0.4835026518545064, 0.5060939795735532, 0.5356920175595772, 0.524668634653288, 0.5288349310159469]
21
[0.6010627038165204, 0.4884144597742339, 0.5063409245654901, 0.4728751119870991, 0.5113984232216449, 0.5203413187600788, 0.5131518545063609, 0.5526580361942305]
22
[0.5759246102848952, 0.4812891506898406, 0.5283365436301738, 0.47341950367317687, 0.5152722182404587, 0.49227102669772443, 0.4743261422684107, 0.5325872245117362]
23
[0.5731473750223974, 0.4695125783909693, 0.5047993280774055, 0.46439229528758286, 0.48855809890700586, 0.49871118079197285, 0.4697587618706325, 0.5062917129546677]